
0.41654471 0.41654471 0.41654471
-0.21057161 -0.21057161 -0.21057161
0.31743594 0.31743594 0.31743594
0.28181023 0.28181023 0.28181023
-0.31501449 -0.31501449 -0.31501449
-0.00000000 -0.00000000 -0.00000000
0.17173966 0.17173966 0.17173966
0.00000000 0.00000000 0.00000000
0.09310912 0.09310912 0.09310912
-0.24955418 -0.24955418 -0.24955418
-0.00000000 -0.00000000 -0.00000000
0.12341030 0.12341030 0.12341030
0.35242940 0.35242940 0.35242940
-0.16513335 -0.16513335 -0.16513335
0.00000000 0.00000000 0.00000000
-0.09229607 -0.09229607 -0.09229607
